00000 14.866849
00001 14.851991
00002 15.041367
00003 14.494356
00004 14.014009
00005 13.489397
00006 12.790995
00007 12.392976
00008 12.617092
00009 13.285000
00010 13.746732
00011 13.844238
00012 13.771132
00013 13.380294
00014 12.778698
00015 12.450124
00016 12.432054
00017 12.096269
00018 11.735483
00019 11.846102
00020 10.726860
00021 9.766235
00022 8.625962
00023 7.809684
00024 7.143388
00025 7.062820
00026 6.664260
00027 6.391637
00028 6.949211
00029 7.271376
00030 7.323254
00031 7.422057
00032 7.263075
00033 6.966823
00034 7.264484
00035 7.357782
00036 7.548324
00037 8.355555
00038 9.224012
00039 9.502486
00040 8.587727
00041 7.020716
00042 5.915491
00043 5.276435
00044 5.528980
00045 7.211996
00046 9.658222
00047 10.254862
00048 11.401053
00049 12.831452
00050 13.635546
00051 13.838129
00052 14.328017
00053 14.445696
00054 14.713726
00055 14.591779
00056 14.866243
00057 14.751478
00058 14.918271
00059 14.968099
00060 15.160837
00061 15.335857
00062 15.426459
00063 15.408334
00064 15.387618
00065 15.523184
00066 15.449649
00067 15.301206
00068 15.102196
00069 15.288482
00070 15.235868
00071 15.226767
00072 15.057514
00073 15.136439
00074 14.956528
00075 14.959300
00076 14.967799
00077 15.286893
00078 14.821887
00079 14.840665
00080 14.559259
00081 14.638474
00082 14.378121
00083 14.584619
00084 14.768140
00085 14.942370
00086 15.462271
00087 15.346097
00088 15.462010
00089 15.153479
00090 15.405929
00091 15.132915
00092 15.127368
00093 15.336447
00094 15.636555
00095 16.167882
00096 16.190420
00097 15.589669
00098 15.053039
00099 15.129827
00100 15.276497
00101 15.604042
00102 15.714221
00103 15.306663
00104 14.745840
00105 14.353814
