00000 90.000000
00001 90.000000
00002 90.000000
00003 90.000000
00004 90.000000
00005 90.000000
00006 90.000000
00007 90.000000
00008 83.000000
00009 90.000000
00010 90.000000
00011 90.000000
00012 90.000000
00013 90.000000
00014 90.000000
00015 90.000000
00016 90.000000
00017 90.000000
00018 90.000000
00019 90.000000
00020 90.000000
00021 90.000000
00022 83.000000
00023 90.000000
00024 79.000000
00025 41.000000
00026 42.000000
00027 58.000000
00028 41.000000
00029 41.000000
00030 40.000000
00031 40.000000
00032 39.000000
00033 38.000000
00034 40.000000
00035 48.000000
00036 52.000000
00037 46.000000
00038 50.000000
00039 49.000000
00040 52.000000
00041 47.000000
00042 44.000000
00043 44.000000
00044 90.000000
00045 90.000000
00046 90.000000
00047 90.000000
00048 90.000000
00049 90.000000
00050 90.000000
00051 90.000000
00052 90.000000
00053 90.000000
00054 90.000000
00055 90.000000
00056 90.000000
00057 90.000000
00058 90.000000
00059 90.000000
00060 90.000000
00061 90.000000
00062 90.000000
00063 90.000000
00064 90.000000
00065 90.000000
00066 90.000000
00067 90.000000
00068 90.000000
00069 90.000000
00070 90.000000
00071 90.000000
00072 90.000000
00073 90.000000
00074 90.000000
00075 90.000000
00076 90.000000
00077 90.000000
00078 90.000000
00079 90.000000
00080 90.000000
00081 90.000000
00082 90.000000
00083 90.000000
00084 90.000000
00085 90.000000
00086 90.000000
00087 90.000000
00088 75.000000
00089 90.000000
00090 90.000000
00091 78.000000
00092 90.000000
00093 90.000000
00094 90.000000
00095 90.000000
00096 90.000000
00097 90.000000
00098 90.000000
00099 90.000000
00100 90.000000
00101 90.000000
00102 90.000000
00103 90.000000
00104 81.000000
00105 90.000000
